THERM ALL
   300.000  1000.000  5000.000
1                       C  18H  12          G   100.000  5000.000 1000.00      1
 3.21968139E+01 5.44461685E-02-2.18493084E-05 3.99759238E-09-2.74083646E-13    2
 1.83179836E+04-1.53346409E+02 2.19354157E+00 4.96881219E-02 2.20026411E-04    3
-3.70815192E-07 1.68270097E-10 3.00693997E+04 2.05305905E+01                   4
2                       C  18H  12          G   100.000  5000.000 1000.00      1
 3.23375673E+01 5.43513225E-02-2.18228223E-05 3.99438094E-09-2.73958387E-13    2
 2.16252345E+04-1.55020680E+02 2.07496364E+00 5.25494152E-02 2.11533640E-04    3
-3.61341316E-07 1.64600963E-10 3.33622444E+04 1.97094919E+01                   4
3                       C  18H  12          G   100.000  5000.000 1000.00      1
 3.20844320E+01 5.45467542E-02-2.18874232E-05 4.00442133E-09-2.74550957E-13    2
 1.62617824E+04-1.52825720E+02 2.50603450E+00 4.80078611E-02 2.22537876E-04    3
-3.72174862E-07 1.68433562E-10 2.79377249E+04 1.90369217E+01                   4
4                       C  20H  12          G   100.000  5000.000 1000.00      1
 3.54272897E+01 5.74686029E-02-2.31479267E-05 4.24610418E-09-2.91666416E-13    2
 2.40597384E+04-1.71787993E+02 2.12772497E+00 5.53750816E-02 2.33464095E-04    3
-3.96834029E-07 1.80476456E-10 3.69851321E+04 2.05261087E+01                   4
5                       C  20H  12          G   100.000  5000.000 1000.00      1
 3.53404772E+01 5.75487817E-02-2.31804725E-05 4.25216877E-09-2.92081944E-13    2
 2.29516712E+04-1.70637007E+02 2.42167738E+00 5.31851836E-02 2.38030674E-04    3
-4.00673305E-07 1.81603169E-10 3.58342064E+04 2.00173763E+01                   4
6                       C  22H  14          G   100.000  5000.000 1000.00      1
 3.94166011E+01 6.50889664E-02-2.61534908E-05 4.78914462E-09-3.28542810E-13    2
 2.20643532E+04-1.92065677E+02 2.35069864E+00 6.40525279E-02 2.54446368E-04    3
-4.35044437E-07 1.97990378E-10 3.64098000E+04 2.17444792E+01                   4
7                       C  22H  14          G   100.000  5000.000 1000.00      1
 3.92591640E+01 6.52307649E-02-2.62064854E-05 4.79845343E-09-3.29176701E-13    2
 2.00992484E+04-1.91875417E+02 2.75831148E+00 6.16110776E-02 2.58785182E-04    3
-4.38328882E-07 1.98911654E-10 3.43463899E+04 1.92862972E+01                   4
8                       C  22H  14          G   100.000  5000.000 1000.00      1
 3.92885140E+01 6.52595883E-02-2.62332223E-05 4.80518082E-09-3.29714371E-13    2
 2.00260248E+04-1.92263212E+02 2.60734741E+00 6.26238406E-02 2.56535331E-04    3
-4.36055915E-07 1.98056985E-10 3.43068148E+04 1.97298049E+01                   4
9                       C  22H  14          G   100.000  5000.000 1000.00      1
 3.93457703E+01 6.51797155E-02-2.61948700E-05 4.79723683E-09-3.29119613E-13    2
 2.15983171E+04-1.91743822E+02 2.55889342E+00 6.35081363E-02 2.54246433E-04    3
-4.33833146E-07 1.97294677E-10 3.58733858E+04 2.06260275E+01                   4
10                      C  22H  14          G   100.000  5000.000 1000.00      1
 3.94386783E+01 6.51300023E-02-2.61865936E-05 4.79749185E-09-3.29245411E-13    2
 2.37417032E+04-1.92385366E+02 2.36767539E+00 6.52348604E-02 2.50325481E-04    3
-4.30156864E-07 1.96058080E-10 3.80507093E+04 2.12191082E+01                   4
11                      C  22H  14          G   100.000  5000.000 1000.00      1
 3.95413172E+01 6.50099298E-02-2.61363858E-05 4.78842187E-09-3.28642735E-13    2
 2.31919227E+04-1.93932469E+02 2.14632091E+00 6.54158559E-02 2.52530823E-04    3
-4.34334854E-07 1.98109076E-10 3.75881616E+04 2.14084791E+01                   4
12                      C  22H  14          G   100.000  5000.000 1000.00      1
 3.96647424E+01 6.49269535E-02-2.61101974E-05 4.78424894E-09-3.28373365E-13    2
 2.86482108E+04-1.94973085E+02 2.10685567E+00 6.83807077E-02 2.42830018E-04    3
-4.23006118E-07 1.93601548E-10 4.29940894E+04 2.06580516E+01                   4
13                      C  22H  14          G   100.000  5000.000 1000.00      1
 3.93681063E+01 6.51399722E-02-2.61820282E-05 4.79649123E-09-3.29207746E-13    2
 2.23024842E+04-1.91659389E+02 2.66726717E+00 6.17674525E-02 2.59814865E-04    3
-4.40312350E-07 1.99840644E-10 3.66005254E+04 2.05622500E+01                   4
14                      C  22H  14          G   100.000  5000.000 1000.00      1
 3.92549688E+01 6.52434988E-02-2.62188606E-05 4.80212395E-09-3.29510812E-13    2
 2.09983585E+04-1.91297415E+02 3.05555777E+00 5.94532701E-02 2.64067760E-04    3
-4.43697590E-07 2.00860780E-10 3.52175474E+04 1.86085081E+01                   4
16                      C  24H  14          G   100.000  5000.000 1000.00      1
 4.23818982E+01 6.83802994E-02-2.75689884E-05 5.06081751E-09-3.47826637E-13    2
 2.36881570E+04-2.10394789E+02 1.78317008E+00 7.33763409E-02 2.55954183E-04    3
-4.45679083E-07 2.03460593E-10 3.92044320E+04 2.25881919E+01                   4
18                      C  26H  16          G   100.000  5000.000 1000.00      1
 4.65519147E+01 7.59022373E-02-3.05524464E-05 5.60192835E-09-3.84685937E-13    2
 2.59764766E+04-2.31853271E+02 2.67595587E+00 7.79314093E-02 2.89021222E-04    3
-4.98820229E-07 2.27432421E-10 4.28554113E+04 2.06015515E+01                   4
19                      C  26H  16          G   100.000  5000.000 1000.00      1
 4.64140139E+01 7.59574789E-02-3.05552381E-05 5.60021732E-09-3.84469294E-13    2
 2.37811054E+04-2.29679489E+02 3.37572718E+00 7.23720693E-02 3.02069111E-04    3
-5.11597655E-07 2.31938319E-10 4.05722241E+04 1.92102915E+01                   4
20                      C  26H  16          G   100.000  5000.000 1000.00      1
 4.67890003E+01 7.56528013E-02-3.04462345E-05 5.58160545E-09-3.83239339E-13    2
 2.98048751E+04-2.32253254E+02 2.25867548E+00 8.11808720E-02 2.82422968E-04    3
-4.93284513E-07 2.25737373E-10 4.67738377E+04 2.31472138E+01                   4
21                      C  26H  16          G   100.000  5000.000 1000.00      1
 4.66328663E+01 7.57936153E-02-3.04995133E-05 5.59092034E-09-3.83856001E-13    2
 2.69941121E+04-2.32190879E+02 2.62654727E+00 7.89456380E-02 2.86158783E-04    3
-4.95753217E-07 2.26271858E-10 4.38765457E+04 2.07636160E+01                   4
22                      C  26H  16          G   100.000  5000.000 1000.00      1
 4.70407712E+01 7.54392644E-02-3.03674321E-05 5.56777603E-09-3.82299744E-13    2
 3.57405578E+04-2.35205804E+02 2.16438384E+00 8.38920388E-02 2.75303770E-04    3
-4.86242279E-07 2.23303690E-10 5.27154731E+04 2.15161094E+01                   4
23                      C  26H  16          G   100.000  5000.000 1000.00      1
 4.65056506E+01 7.58978851E-02-3.05379093E-05 5.59766690E-09-3.84314043E-13    2
 2.53790322E+04-2.30681004E+02 2.84428859E+00 7.68512412E-02 2.91159750E-04    3
-5.00668287E-07 2.28010470E-10 4.22186948E+04 2.07754361E+01                   4
24                      C  26H  16          G   100.000  5000.000 1000.00      1
 4.67656010E+01 7.57171924E-02-3.04862001E-05 5.59116328E-09-3.84028438E-13    2
 3.05961302E+04-2.32292977E+02 2.43135600E+00 8.08294803E-02 2.82195538E-04    3
-4.92381595E-07 2.25249524E-10 4.75134643E+04 2.20865121E+01                   4
25                      C  26H  16          G   100.000  5000.000 1000.00      1
 4.64921722E+01 7.59206989E-02-3.05504042E-05 5.60057146E-09-3.84551302E-13    2
 2.42528872E+04-2.30665134E+02 2.86192820E+00 7.65005269E-02 2.92123608E-04    3
-5.01688112E-07 2.28402150E-10 4.11000436E+04 2.07046320E+01                   4
26                      C  26H  16          G   100.000  5000.000 1000.00      1
 4.65692800E+01 7.58225992E-02-3.05047494E-05 5.59127725E-09-3.83861473E-13    2
 2.71983270E+04-2.31088949E+02 3.14704054E+00 7.47665447E-02 2.96448596E-04    3
-5.06251136E-07 2.30107999E-10 4.40263762E+04 1.94318089E+01                   4
27                      C  26H  16          G   100.000  5000.000 1000.00      1
 4.66621583E+01 7.57650046E-02-3.04882514E-05 5.58903776E-09-3.83746094E-13    2
 2.80574015E+04-2.31622961E+02 2.61101540E+00 7.91742300E-02 2.85801504E-04    3
-4.95648504E-07 2.26328876E-10 4.49408741E+04 2.15184757E+01                   4
28                      C  26H  16          G   100.000  5000.000 1000.00      1
 4.66664678E+01 7.57129210E-02-3.04526440E-05 5.58030474E-09-3.83013878E-13    2
 2.67677441E+04-2.31467627E+02 2.90026121E+00 7.56658998E-02 2.96002519E-04    3
-5.07062201E-07 2.30752146E-10 4.36726681E+04 2.07751027E+01                   4
29                      C  26H  16          G   100.000  5000.000 1000.00      1
 4.65371535E+01 7.59176897E-02-3.05574114E-05 5.60258164E-09-3.84710858E-13    2
 2.49078192E+04-2.31123784E+02 2.65567276E+00 7.81243172E-02 2.88078888E-04    3
-4.97335834E-07 2.26699304E-10 4.17916876E+04 2.13491044E+01                   4
30                      C  26H  16          G   100.000  5000.000 1000.00      1
 4.66566710E+01 7.58274271E-02-3.05285974E-05 5.59815684E-09-3.84441675E-13    2
 2.83551115E+04-2.31700192E+02 2.43218769E+00 8.06178610E-02 2.82032819E-04    3
-4.91445449E-07 2.24642545E-10 4.52527429E+04 2.21450288E+01                   4
31                      C  26H  16          G   100.000  5000.000 1000.00      1
 4.80177134E+01 7.43776740E-02-2.99265502E-05 5.48667515E-09-3.76782110E-13    2
 2.91415184E+04-2.40304549E+02 3.08339166E+00 7.10108576E-02 3.18309137E-04    3
-5.37123822E-07 2.43489782E-10 4.65599975E+04 1.92432465E+01                   4
32                      C  26H  16          G   100.000  5000.000 1000.00      1
 4.64769409E+01 7.59356262E-02-3.05556608E-05 5.60122694E-09-3.84572262E-13    2
 2.41791518E+04-2.30662954E+02 2.85150120E+00 7.63950512E-02 2.92440471E-04    3
-5.01953162E-07 2.28455679E-10 4.10300488E+04 2.07081501E+01                   4
33                      C  26H  16          G   100.000  5000.000 1000.00      1
 4.64998993E+01 7.58965229E-02-3.05354115E-05 5.59703147E-09-3.84266955E-13    2
 2.54934378E+04-2.30677193E+02 3.29823247E+00 7.32447606E-02 3.00231915E-04    3
-5.10098330E-07 2.31529545E-10 4.23062882E+04 1.89374492E+01                   4
34                      C  28H  14          G   100.000  5000.000 1000.00      1
 4.85502394E+01 7.46698393E-02-3.02569396E-05 5.57352728E-09-3.84009616E-13    2
 3.16459729E+04-2.46668376E+02 6.44237309E-01 8.97813142E-02 2.68509222E-04    3
-4.79428593E-07 2.19662548E-10 4.96487355E+04 2.64157413E+01                   4
END
